==============================================
========= LONGEST COMMON SUBSEQUENCE =========
==============================================

SEQ1: ACCGGTCGACTGCGCGGAAGCCGGCCGAA
SEQ2: GTCGTTCGGAATGCCGTTCTCTGTAAA

---------------------------
-----CALCULATED MATRIX-----
---------------------------
      G  T  C  G  T  T  C  G  G  A  A  T  G  C  C  G  T  T  C  T  C  T  G  T  A  A  A  
  |0 |0 |0 |0 |0 |0 |0 |0 |0 |0 |0 |0 |0 |0 |0 |0 |0 |0 |0 |0 |0 |0 |0 |0 |0 |0 |0 |0 
A |0 |0 |0 |0 |0 |0 |0 |0 |0 |0 |1 |1 |1 |1 |1 |1 |1 |1 |1 |1 |1 |1 |1 |1 |1 |1 |1 |1 
C |0 |0 |0 |1 |1 |1 |1 |1 |1 |1 |1 |1 |1 |1 |2 |2 |2 |2 |2 |2 |2 |2 |2 |2 |2 |2 |2 |2 
C |0 |0 |0 |1 |1 |1 |1 |2 |2 |2 |2 |2 |2 |2 |2 |3 |3 |3 |3 |3 |3 |3 |3 |3 |3 |3 |3 |3 
G |0 |1 |1 |1 |2 |2 |2 |2 |3 |3 |3 |3 |3 |3 |3 |3 |4 |4 |4 |4 |4 |4 |4 |4 |4 |4 |4 |4 
G |0 |1 |1 |1 |2 |2 |2 |2 |3 |4 |4 |4 |4 |4 |4 |4 |4 |4 |4 |4 |4 |4 |4 |5 |5 |5 |5 |5 
T |0 |1 |2 |2 |2 |3 |3 |3 |3 |4 |4 |4 |5 |5 |5 |5 |5 |5 |5 |5 |5 |5 |5 |5 |6 |6 |6 |6 
C |0 |1 |2 |3 |3 |3 |3 |4 |4 |4 |4 |4 |5 |5 |6 |6 |6 |6 |6 |6 |6 |6 |6 |6 |6 |6 |6 |6 
G |0 |1 |2 |3 |4 |4 |4 |4 |5 |5 |5 |5 |5 |6 |6 |6 |7 |7 |7 |7 |7 |7 |7 |7 |7 |7 |7 |7 
A |0 |1 |2 |3 |4 |4 |4 |4 |5 |5 |6 |6 |6 |6 |6 |6 |7 |7 |7 |7 |7 |7 |7 |7 |7 |8 |8 |8 
C |0 |1 |2 |3 |4 |4 |4 |5 |5 |5 |6 |6 |6 |6 |7 |7 |7 |7 |7 |8 |8 |8 |8 |8 |8 |8 |8 |8 
T |0 |1 |2 |3 |4 |5 |5 |5 |5 |5 |6 |6 |7 |7 |7 |7 |7 |8 |8 |8 |9 |9 |9 |9 |9 |9 |9 |9 
G |0 |1 |2 |3 |4 |5 |5 |5 |6 |6 |6 |6 |7 |8 |8 |8 |8 |8 |8 |8 |9 |9 |9 |10|10|10|10|10
C |0 |1 |2 |3 |4 |5 |5 |6 |6 |6 |6 |6 |7 |8 |9 |9 |9 |9 |9 |9 |9 |10|10|10|10|10|10|10
G |0 |1 |2 |3 |4 |5 |5 |6 |7 |7 |7 |7 |7 |8 |9 |9 |10|10|10|10|10|10|10|11|11|11|11|11
C |0 |1 |2 |3 |4 |5 |5 |6 |7 |7 |7 |7 |7 |8 |9 |10|10|10|10|11|11|11|11|11|11|11|11|11
G |0 |1 |2 |3 |4 |5 |5 |6 |7 |8 |8 |8 |8 |8 |9 |10|11|11|11|11|11|11|11|12|12|12|12|12
G |0 |1 |2 |3 |4 |5 |5 |6 |7 |8 |8 |8 |8 |9 |9 |10|11|11|11|11|11|11|11|12|12|12|12|12
A |0 |1 |2 |3 |4 |5 |5 |6 |7 |8 |9 |9 |9 |9 |9 |10|11|11|11|11|11|11|11|12|12|13|13|13
A |0 |1 |2 |3 |4 |5 |5 |6 |7 |8 |9 |10|10|10|10|10|11|11|11|11|11|11|11|12|12|13|14|14
G |0 |1 |2 |3 |4 |5 |5 |6 |7 |8 |9 |10|10|11|11|11|11|11|11|11|11|11|11|12|12|13|14|14
C |0 |1 |2 |3 |4 |5 |5 |6 |7 |8 |9 |10|10|11|12|12|12|12|12|12|12|12|12|12|12|13|14|14
C |0 |1 |2 |3 |4 |5 |5 |6 |7 |8 |9 |10|10|11|12|13|13|13|13|13|13|13|13|13|13|13|14|14
G |0 |1 |2 |3 |4 |5 |5 |6 |7 |8 |9 |10|10|11|12|13|14|14|14|14|14|14|14|14|14|14|14|14
G |0 |1 |2 |3 |4 |5 |5 |6 |7 |8 |9 |10|10|11|12|13|14|14|14|14|14|14|14|15|15|15|15|15
C |0 |1 |2 |3 |4 |5 |5 |6 |7 |8 |9 |10|10|11|12|13|14|14|14|15|15|15|15|15|15|15|15|15
C |0 |1 |2 |3 |4 |5 |5 |6 |7 |8 |9 |10|10|11|12|13|14|14|14|15|15|16|16|16|16|16|16|16
G |0 |1 |2 |3 |4 |5 |5 |6 |7 |8 |9 |10|10|11|12|13|14|14|14|15|15|16|16|17|17|17|17|17
A |0 |1 |2 |3 |4 |5 |5 |6 |7 |8 |9 |10|10|11|12|13|14|14|14|15|15|16|16|17|17|18|18|18
A |0 |1 |2 |3 |4 |5 |5 |6 |7 |8 |9 |10|10|11|12|13|14|14|14|15|15|16|16|17|17|18|19|19

---------------------------------
-----SUBSEQUENCE BUILD STEPS-----
---------------------------------
i: 29	j: 27	|  value: A
i: 28	j: 26	|  value: A
i: 27	j: 25	|  value: -
i: 27	j: 24	|  value: -
i: 27	j: 23	|  value: G
i: 26	j: 22	|  value: -
i: 26	j: 21	|  value: C
i: 25	j: 20	|  value: -
i: 25	j: 19	|  value: C
i: 24	j: 18	|  value: -
i: 23	j: 17	|  value: -
i: 23	j: 16	|  value: G
i: 22	j: 15	|  value: C
i: 21	j: 14	|  value: C
i: 20	j: 13	|  value: G
i: 19	j: 12	|  value: -
i: 19	j: 11	|  value: A
i: 18	j: 10	|  value: A
i: 17	j: 9	|  value: G
i: 16	j: 8	|  value: G
i: 15	j: 7	|  value: C
i: 14	j: 6	|  value: -
i: 13	j: 5	|  value: -
i: 12	j: 5	|  value: -
i: 11	j: 5	|  value: T
i: 10	j: 4	|  value: -
i: 9	j: 4	|  value: -
i: 8	j: 4	|  value: G
i: 7	j: 3	|  value: C
i: 6	j: 2	|  value: T
i: 5	j: 1	|  value: G


SEQ1: ACCGGTCGACTGCGCGGAAGCCGGCCGAA
SEQ2: GTCGTTCGGAATGCCGTTCTCTGTAAA
LONGEST COMMON SUBSEQUENCE: GTCGTCGGAAGCCGCCGAA
LCS Size: 19
