==============================================
========= LONGEST COMMON SUBSEQUENCE =========
==============================================

SEQ1: ACCGGTCGACTGCGCGGAAGCCGGCCGAA
SEQ9: AAACAAAGGGACACAGGGACACCAAGGG

---------------------------
-----CALCULATED MATRIX-----
---------------------------
      A  A  A  C  A  A  A  G  G  G  A  C  A  C  A  G  G  G  A  C  A  C  C  A  A  G  G  G  
  |0 |0 |0 |0 |0 |0 |0 |0 |0 |0 |0 |0 |0 |0 |0 |0 |0 |0 |0 |0 |0 |0 |0 |0 |0 |0 |0 |0 |0 
A |0 |1 |1 |1 |1 |1 |1 |1 |1 |1 |1 |1 |1 |1 |1 |1 |1 |1 |1 |1 |1 |1 |1 |1 |1 |1 |1 |1 |1 
C |0 |1 |1 |1 |2 |2 |2 |2 |2 |2 |2 |2 |2 |2 |2 |2 |2 |2 |2 |2 |2 |2 |2 |2 |2 |2 |2 |2 |2 
C |0 |1 |1 |1 |2 |2 |2 |2 |2 |2 |2 |2 |3 |3 |3 |3 |3 |3 |3 |3 |3 |3 |3 |3 |3 |3 |3 |3 |3 
G |0 |1 |1 |1 |2 |2 |2 |2 |3 |3 |3 |3 |3 |3 |3 |3 |4 |4 |4 |4 |4 |4 |4 |4 |4 |4 |4 |4 |4 
G |0 |1 |1 |1 |2 |2 |2 |2 |3 |4 |4 |4 |4 |4 |4 |4 |4 |5 |5 |5 |5 |5 |5 |5 |5 |5 |5 |5 |5 
T |0 |1 |1 |1 |2 |2 |2 |2 |3 |4 |4 |4 |4 |4 |4 |4 |4 |5 |5 |5 |5 |5 |5 |5 |5 |5 |5 |5 |5 
C |0 |1 |1 |1 |2 |2 |2 |2 |3 |4 |4 |4 |5 |5 |5 |5 |5 |5 |5 |5 |6 |6 |6 |6 |6 |6 |6 |6 |6 
G |0 |1 |1 |1 |2 |2 |2 |2 |3 |4 |5 |5 |5 |5 |5 |5 |6 |6 |6 |6 |6 |6 |6 |6 |6 |6 |7 |7 |7 
A |0 |1 |2 |2 |2 |3 |3 |3 |3 |4 |5 |6 |6 |6 |6 |6 |6 |6 |6 |7 |7 |7 |7 |7 |7 |7 |7 |7 |7 
C |0 |1 |2 |2 |3 |3 |3 |3 |3 |4 |5 |6 |7 |7 |7 |7 |7 |7 |7 |7 |8 |8 |8 |8 |8 |8 |8 |8 |8 
T |0 |1 |2 |2 |3 |3 |3 |3 |3 |4 |5 |6 |7 |7 |7 |7 |7 |7 |7 |7 |8 |8 |8 |8 |8 |8 |8 |8 |8 
G |0 |1 |2 |2 |3 |3 |3 |3 |4 |4 |5 |6 |7 |7 |7 |7 |8 |8 |8 |8 |8 |8 |8 |8 |8 |8 |9 |9 |9 
C |0 |1 |2 |2 |3 |3 |3 |3 |4 |4 |5 |6 |7 |7 |8 |8 |8 |8 |8 |8 |9 |9 |9 |9 |9 |9 |9 |9 |9 
G |0 |1 |2 |2 |3 |3 |3 |3 |4 |5 |5 |6 |7 |7 |8 |8 |9 |9 |9 |9 |9 |9 |9 |9 |9 |9 |10|10|10
C |0 |1 |2 |2 |3 |3 |3 |3 |4 |5 |5 |6 |7 |7 |8 |8 |9 |9 |9 |9 |10|10|10|10|10|10|10|10|10
G |0 |1 |2 |2 |3 |3 |3 |3 |4 |5 |6 |6 |7 |7 |8 |8 |9 |10|10|10|10|10|10|10|10|10|11|11|11
G |0 |1 |2 |2 |3 |3 |3 |3 |4 |5 |6 |6 |7 |7 |8 |8 |9 |10|11|11|11|11|11|11|11|11|11|12|12
A |0 |1 |2 |3 |3 |4 |4 |4 |4 |5 |6 |7 |7 |8 |8 |9 |9 |10|11|12|12|12|12|12|12|12|12|12|12
A |0 |1 |2 |3 |3 |4 |5 |5 |5 |5 |6 |7 |7 |8 |8 |9 |9 |10|11|12|12|13|13|13|13|13|13|13|13
G |0 |1 |2 |3 |3 |4 |5 |5 |6 |6 |6 |7 |7 |8 |8 |9 |10|10|11|12|12|13|13|13|13|13|14|14|14
C |0 |1 |2 |3 |4 |4 |5 |5 |6 |6 |6 |7 |8 |8 |9 |9 |10|10|11|12|13|13|14|14|14|14|14|14|14
C |0 |1 |2 |3 |4 |4 |5 |5 |6 |6 |6 |7 |8 |8 |9 |9 |10|10|11|12|13|13|14|15|15|15|15|15|15
G |0 |1 |2 |3 |4 |4 |5 |5 |6 |7 |7 |7 |8 |8 |9 |9 |10|11|11|12|13|13|14|15|15|15|16|16|16
G |0 |1 |2 |3 |4 |4 |5 |5 |6 |7 |8 |8 |8 |8 |9 |9 |10|11|12|12|13|13|14|15|15|15|16|17|17
C |0 |1 |2 |3 |4 |4 |5 |5 |6 |7 |8 |8 |9 |9 |9 |9 |10|11|12|12|13|13|14|15|15|15|16|17|17
C |0 |1 |2 |3 |4 |4 |5 |5 |6 |7 |8 |8 |9 |9 |10|10|10|11|12|12|13|13|14|15|15|15|16|17|17
G |0 |1 |2 |3 |4 |4 |5 |5 |6 |7 |8 |8 |9 |9 |10|10|11|11|12|12|13|13|14|15|15|15|16|17|18
A |0 |1 |2 |3 |4 |5 |5 |6 |6 |7 |8 |9 |9 |10|10|11|11|11|12|13|13|14|14|15|16|16|16|17|18
A |0 |1 |2 |3 |4 |5 |6 |6 |6 |7 |8 |9 |9 |10|10|11|11|11|12|13|13|14|14|15|16|17|17|17|18

---------------------------------
-----SUBSEQUENCE BUILD STEPS-----
---------------------------------
i: 29	j: 28	|  value: -
i: 28	j: 28	|  value: -
i: 27	j: 28	|  value: G
i: 26	j: 27	|  value: -
i: 25	j: 27	|  value: -
i: 24	j: 27	|  value: G
i: 23	j: 26	|  value: G
i: 22	j: 25	|  value: -
i: 22	j: 24	|  value: -
i: 22	j: 23	|  value: C
i: 21	j: 22	|  value: C
i: 20	j: 21	|  value: -
i: 19	j: 21	|  value: A
i: 18	j: 20	|  value: -
i: 18	j: 19	|  value: A
i: 17	j: 18	|  value: G
i: 16	j: 17	|  value: G
i: 15	j: 16	|  value: -
i: 14	j: 16	|  value: G
i: 13	j: 15	|  value: -
i: 13	j: 14	|  value: C
i: 12	j: 13	|  value: -
i: 11	j: 12	|  value: -
i: 10	j: 12	|  value: C
i: 9	j: 11	|  value: A
i: 8	j: 10	|  value: G
i: 7	j: 9	|  value: -
i: 6	j: 9	|  value: -
i: 5	j: 9	|  value: G
i: 4	j: 8	|  value: G
i: 3	j: 7	|  value: -
i: 2	j: 6	|  value: -
i: 2	j: 5	|  value: -
i: 2	j: 4	|  value: C
i: 1	j: 3	|  value: A


SEQ1: ACCGGTCGACTGCGCGGAAGCCGGCCGAA
SEQ9: AAACAAAGGGACACAGGGACACCAAGGG
LONGEST COMMON SUBSEQUENCE: ACGGGACCGGGAACCGGG
LCS Size: 17
