==============================================
========= LONGEST COMMON SUBSEQUENCE =========
==============================================

SEQ1: ACCGGTCGACTGCGCGGAAGCCGGCCGAA
SEQ18: AAACTGGACATTCAGG

---------------------------
-----CALCULATED MATRIX-----
---------------------------
      A  A  A  C  T  G  G  A  C  A  T  T  C  A  G  G  
  |0 |0 |0 |0 |0 |0 |0 |0 |0 |0 |0 |0 |0 |0 |0 |0 |0 
A |0 |1 |1 |1 |1 |1 |1 |1 |1 |1 |1 |1 |1 |1 |1 |1 |1 
C |0 |1 |1 |1 |2 |2 |2 |2 |2 |2 |2 |2 |2 |2 |2 |2 |2 
C |0 |1 |1 |1 |2 |2 |2 |2 |2 |3 |3 |3 |3 |3 |3 |3 |3 
G |0 |1 |1 |1 |2 |2 |3 |3 |3 |3 |3 |3 |3 |3 |3 |4 |4 
G |0 |1 |1 |1 |2 |2 |3 |4 |4 |4 |4 |4 |4 |4 |4 |4 |5 
T |0 |1 |1 |1 |2 |3 |3 |4 |4 |4 |4 |5 |5 |5 |5 |5 |5 
C |0 |1 |1 |1 |2 |3 |3 |4 |4 |5 |5 |5 |5 |6 |6 |6 |6 
G |0 |1 |1 |1 |2 |3 |4 |4 |4 |5 |5 |5 |5 |6 |6 |7 |7 
A |0 |1 |2 |2 |2 |3 |4 |4 |5 |5 |6 |6 |6 |6 |7 |7 |7 
C |0 |1 |2 |2 |3 |3 |4 |4 |5 |6 |6 |6 |6 |7 |7 |7 |7 
T |0 |1 |2 |2 |3 |4 |4 |4 |5 |6 |6 |7 |7 |7 |7 |7 |7 
G |0 |1 |2 |2 |3 |4 |5 |5 |5 |6 |6 |7 |7 |7 |7 |8 |8 
C |0 |1 |2 |2 |3 |4 |5 |5 |5 |6 |6 |7 |7 |8 |8 |8 |8 
G |0 |1 |2 |2 |3 |4 |5 |6 |6 |6 |6 |7 |7 |8 |8 |9 |9 
C |0 |1 |2 |2 |3 |4 |5 |6 |6 |7 |7 |7 |7 |8 |8 |9 |9 
G |0 |1 |2 |2 |3 |4 |5 |6 |6 |7 |7 |7 |7 |8 |8 |9 |10
G |0 |1 |2 |2 |3 |4 |5 |6 |6 |7 |7 |7 |7 |8 |8 |9 |10
A |0 |1 |2 |3 |3 |4 |5 |6 |7 |7 |8 |8 |8 |8 |9 |9 |10
A |0 |1 |2 |3 |3 |4 |5 |6 |7 |7 |8 |8 |8 |8 |9 |9 |10
G |0 |1 |2 |3 |3 |4 |5 |6 |7 |7 |8 |8 |8 |8 |9 |10|10
C |0 |1 |2 |3 |4 |4 |5 |6 |7 |8 |8 |8 |8 |9 |9 |10|10
C |0 |1 |2 |3 |4 |4 |5 |6 |7 |8 |8 |8 |8 |9 |9 |10|10
G |0 |1 |2 |3 |4 |4 |5 |6 |7 |8 |8 |8 |8 |9 |9 |10|11
G |0 |1 |2 |3 |4 |4 |5 |6 |7 |8 |8 |8 |8 |9 |9 |10|11
C |0 |1 |2 |3 |4 |4 |5 |6 |7 |8 |8 |8 |8 |9 |9 |10|11
C |0 |1 |2 |3 |4 |4 |5 |6 |7 |8 |8 |8 |8 |9 |9 |10|11
G |0 |1 |2 |3 |4 |4 |5 |6 |7 |8 |8 |8 |8 |9 |9 |10|11
A |0 |1 |2 |3 |4 |4 |5 |6 |7 |8 |9 |9 |9 |9 |10|10|11
A |0 |1 |2 |3 |4 |4 |5 |6 |7 |8 |9 |9 |9 |9 |10|10|11

---------------------------------
-----SUBSEQUENCE BUILD STEPS-----
---------------------------------
i: 29	j: 16	|  value: -
i: 28	j: 16	|  value: -
i: 27	j: 16	|  value: G
i: 26	j: 15	|  value: -
i: 25	j: 15	|  value: -
i: 24	j: 15	|  value: G
i: 23	j: 14	|  value: -
i: 22	j: 13	|  value: C
i: 21	j: 12	|  value: -
i: 20	j: 11	|  value: -
i: 19	j: 10	|  value: A
i: 18	j: 9	|  value: -
i: 17	j: 9	|  value: -
i: 16	j: 9	|  value: -
i: 15	j: 9	|  value: C
i: 14	j: 8	|  value: -
i: 14	j: 7	|  value: G
i: 13	j: 6	|  value: -
i: 12	j: 6	|  value: G
i: 11	j: 5	|  value: T
i: 10	j: 4	|  value: C
i: 9	j: 3	|  value: A
i: 8	j: 2	|  value: -
i: 7	j: 1	|  value: -
i: 6	j: 1	|  value: -
i: 5	j: 1	|  value: -
i: 4	j: 1	|  value: -
i: 3	j: 1	|  value: -
i: 2	j: 1	|  value: -
i: 1	j: 1	|  value: A


SEQ1: ACCGGTCGACTGCGCGGAAGCCGGCCGAA
SEQ18: AAACTGGACATTCAGG
LONGEST COMMON SUBSEQUENCE: AACTGGCACGG
LCS Size: 10
