==============================================
========= LONGEST COMMON SUBSEQUENCE =========
==============================================

SEQ2: GTCGTTCGGAATGCCGTTCTCTGTAAA
SEQ3: ATTGCATTGCATGGCGCGATGCATTTGGTTAATTCCTCG

---------------------------
-----CALCULATED MATRIX-----
---------------------------
      A  T  T  G  C  A  T  T  G  C  A  T  G  G  C  G  C  G  A  T  G  C  A  T  T  T  G  G  T  T  A  A  T  T  C  C  T  C  G  
  |0 |0 |0 |0 |0 |0 |0 |0 |0 |0 |0 |0 |0 |0 |0 |0 |0 |0 |0 |0 |0 |0 |0 |0 |0 |0 |0 |0 |0 |0 |0 |0 |0 |0 |0 |0 |0 |0 |0 |0 
G |0 |0 |0 |0 |1 |1 |1 |1 |1 |1 |1 |1 |1 |1 |1 |1 |1 |1 |1 |1 |1 |1 |1 |1 |1 |1 |1 |1 |1 |1 |1 |1 |1 |1 |1 |1 |1 |1 |1 |1 
T |0 |0 |1 |1 |1 |1 |1 |2 |2 |2 |2 |2 |2 |2 |2 |2 |2 |2 |2 |2 |2 |2 |2 |2 |2 |2 |2 |2 |2 |2 |2 |2 |2 |2 |2 |2 |2 |2 |2 |2 
C |0 |0 |1 |1 |1 |2 |2 |2 |2 |2 |3 |3 |3 |3 |3 |3 |3 |3 |3 |3 |3 |3 |3 |3 |3 |3 |3 |3 |3 |3 |3 |3 |3 |3 |3 |3 |3 |3 |3 |3 
G |0 |0 |1 |1 |2 |2 |2 |2 |2 |3 |3 |3 |3 |4 |4 |4 |4 |4 |4 |4 |4 |4 |4 |4 |4 |4 |4 |4 |4 |4 |4 |4 |4 |4 |4 |4 |4 |4 |4 |4 
T |0 |0 |1 |2 |2 |2 |2 |3 |3 |3 |3 |3 |4 |4 |4 |4 |4 |4 |4 |4 |5 |5 |5 |5 |5 |5 |5 |5 |5 |5 |5 |5 |5 |5 |5 |5 |5 |5 |5 |5 
T |0 |0 |1 |2 |2 |2 |2 |3 |4 |4 |4 |4 |4 |4 |4 |4 |4 |4 |4 |4 |5 |5 |5 |5 |6 |6 |6 |6 |6 |6 |6 |6 |6 |6 |6 |6 |6 |6 |6 |6 
C |0 |0 |1 |2 |2 |3 |3 |3 |4 |4 |5 |5 |5 |5 |5 |5 |5 |5 |5 |5 |5 |5 |6 |6 |6 |6 |6 |6 |6 |6 |6 |6 |6 |6 |6 |7 |7 |7 |7 |7 
G |0 |0 |1 |2 |3 |3 |3 |3 |4 |5 |5 |5 |5 |6 |6 |6 |6 |6 |6 |6 |6 |6 |6 |6 |6 |6 |6 |7 |7 |7 |7 |7 |7 |7 |7 |7 |7 |7 |7 |8 
G |0 |0 |1 |2 |3 |3 |3 |3 |4 |5 |5 |5 |5 |6 |7 |7 |7 |7 |7 |7 |7 |7 |7 |7 |7 |7 |7 |7 |8 |8 |8 |8 |8 |8 |8 |8 |8 |8 |8 |8 
A |0 |1 |1 |2 |3 |3 |4 |4 |4 |5 |5 |6 |6 |6 |7 |7 |7 |7 |7 |8 |8 |8 |8 |8 |8 |8 |8 |8 |8 |8 |8 |9 |9 |9 |9 |9 |9 |9 |9 |9 
A |0 |1 |1 |2 |3 |3 |4 |4 |4 |5 |5 |6 |6 |6 |7 |7 |7 |7 |7 |8 |8 |8 |8 |9 |9 |9 |9 |9 |9 |9 |9 |9 |10|10|10|10|10|10|10|10
T |0 |1 |2 |2 |3 |3 |4 |5 |5 |5 |5 |6 |7 |7 |7 |7 |7 |7 |7 |8 |9 |9 |9 |9 |10|10|10|10|10|10|10|10|10|11|11|11|11|11|11|11
G |0 |1 |2 |2 |3 |3 |4 |5 |5 |6 |6 |6 |7 |8 |8 |8 |8 |8 |8 |8 |9 |10|10|10|10|10|10|11|11|11|11|11|11|11|11|11|11|11|11|12
C |0 |1 |2 |2 |3 |4 |4 |5 |5 |6 |7 |7 |7 |8 |8 |9 |9 |9 |9 |9 |9 |10|11|11|11|11|11|11|11|11|11|11|11|11|11|12|12|12|12|12
C |0 |1 |2 |2 |3 |4 |4 |5 |5 |6 |7 |7 |7 |8 |8 |9 |9 |10|10|10|10|10|11|11|11|11|11|11|11|11|11|11|11|11|11|12|13|13|13|13
G |0 |1 |2 |2 |3 |4 |4 |5 |5 |6 |7 |7 |7 |8 |9 |9 |10|10|11|11|11|11|11|11|11|11|11|12|12|12|12|12|12|12|12|12|13|13|13|14
T |0 |1 |2 |3 |3 |4 |4 |5 |6 |6 |7 |7 |8 |8 |9 |9 |10|10|11|11|12|12|12|12|12|12|12|12|12|13|13|13|13|13|13|13|13|14|14|14
T |0 |1 |2 |3 |3 |4 |4 |5 |6 |6 |7 |7 |8 |8 |9 |9 |10|10|11|11|12|12|12|12|13|13|13|13|13|13|14|14|14|14|14|14|14|14|14|14
C |0 |1 |2 |3 |3 |4 |4 |5 |6 |6 |7 |7 |8 |8 |9 |10|10|11|11|11|12|12|13|13|13|13|13|13|13|13|14|14|14|14|14|15|15|15|15|15
T |0 |1 |2 |3 |3 |4 |4 |5 |6 |6 |7 |7 |8 |8 |9 |10|10|11|11|11|12|12|13|13|14|14|14|14|14|14|14|14|14|15|15|15|15|16|16|16
C |0 |1 |2 |3 |3 |4 |4 |5 |6 |6 |7 |7 |8 |8 |9 |10|10|11|11|11|12|12|13|13|14|14|14|14|14|14|14|14|14|15|15|16|16|16|17|17
T |0 |1 |2 |3 |3 |4 |4 |5 |6 |6 |7 |7 |8 |8 |9 |10|10|11|11|11|12|12|13|13|14|15|15|15|15|15|15|15|15|15|16|16|16|17|17|17
G |0 |1 |2 |3 |4 |4 |4 |5 |6 |7 |7 |7 |8 |9 |9 |10|11|11|12|12|12|13|13|13|14|15|15|16|16|16|16|16|16|16|16|16|16|17|17|18
T |0 |1 |2 |3 |4 |4 |4 |5 |6 |7 |7 |7 |8 |9 |9 |10|11|11|12|12|13|13|13|13|14|15|16|16|16|17|17|17|17|17|17|17|17|17|17|18
A |0 |1 |2 |3 |4 |4 |5 |5 |6 |7 |7 |8 |8 |9 |9 |10|11|11|12|13|13|13|13|14|14|15|16|16|16|17|17|18|18|18|18|18|18|18|18|18
A |0 |1 |2 |3 |4 |4 |5 |5 |6 |7 |7 |8 |8 |9 |9 |10|11|11|12|13|13|13|13|14|14|15|16|16|16|17|17|18|19|19|19|19|19|19|19|19
A |0 |1 |2 |3 |4 |4 |5 |5 |6 |7 |7 |8 |8 |9 |9 |10|11|11|12|13|13|13|13|14|14|15|16|16|16|17|17|18|19|19|19|19|19|19|19|19

---------------------------------
-----SUBSEQUENCE BUILD STEPS-----
---------------------------------
i: 27	j: 39	|  value: -
i: 26	j: 38	|  value: -
i: 26	j: 37	|  value: -
i: 26	j: 36	|  value: -
i: 26	j: 35	|  value: -
i: 26	j: 34	|  value: -
i: 26	j: 33	|  value: -
i: 26	j: 32	|  value: A
i: 25	j: 31	|  value: A
i: 24	j: 30	|  value: T
i: 23	j: 29	|  value: -
i: 23	j: 28	|  value: G
i: 22	j: 27	|  value: -
i: 22	j: 26	|  value: T
i: 21	j: 25	|  value: -
i: 20	j: 24	|  value: T
i: 19	j: 23	|  value: -
i: 19	j: 22	|  value: C
i: 18	j: 21	|  value: -
i: 17	j: 20	|  value: T
i: 16	j: 19	|  value: -
i: 16	j: 18	|  value: G
i: 15	j: 17	|  value: C
i: 14	j: 16	|  value: -
i: 14	j: 15	|  value: C
i: 13	j: 14	|  value: G
i: 12	j: 13	|  value: -
i: 12	j: 12	|  value: T
i: 11	j: 11	|  value: A
i: 10	j: 10	|  value: -
i: 9	j: 9	|  value: G
i: 8	j: 8	|  value: -
i: 7	j: 8	|  value: -
i: 6	j: 8	|  value: T
i: 5	j: 7	|  value: T
i: 4	j: 6	|  value: -
i: 3	j: 5	|  value: C
i: 2	j: 4	|  value: -
i: 1	j: 4	|  value: G


SEQ2: GTCGTTCGGAATGCCGTTCTCTGTAAA
SEQ3: ATTGCATTGCATGGCGCGATGCATTTGGTTAATTCCTCG
LONGEST COMMON SUBSEQUENCE: GCTTGATGCCGTCTTGTAA
LCS Size: 19
