==============================================
========= LONGEST COMMON SUBSEQUENCE =========
==============================================

SEQ3: ATTGCATTGCATGGCGCGATGCATTTGGTTAATTCCTCG
SEQ9: AAACAAAGGGACACAGGGACACCAAGGG

---------------------------
-----CALCULATED MATRIX-----
---------------------------
      A  A  A  C  A  A  A  G  G  G  A  C  A  C  A  G  G  G  A  C  A  C  C  A  A  G  G  G  
  |0 |0 |0 |0 |0 |0 |0 |0 |0 |0 |0 |0 |0 |0 |0 |0 |0 |0 |0 |0 |0 |0 |0 |0 |0 |0 |0 |0 |0 
A |0 |1 |1 |1 |1 |1 |1 |1 |1 |1 |1 |1 |1 |1 |1 |1 |1 |1 |1 |1 |1 |1 |1 |1 |1 |1 |1 |1 |1 
T |0 |1 |1 |1 |1 |1 |1 |1 |1 |1 |1 |1 |1 |1 |1 |1 |1 |1 |1 |1 |1 |1 |1 |1 |1 |1 |1 |1 |1 
T |0 |1 |1 |1 |1 |1 |1 |1 |1 |1 |1 |1 |1 |1 |1 |1 |1 |1 |1 |1 |1 |1 |1 |1 |1 |1 |1 |1 |1 
G |0 |1 |1 |1 |1 |1 |1 |1 |2 |2 |2 |2 |2 |2 |2 |2 |2 |2 |2 |2 |2 |2 |2 |2 |2 |2 |2 |2 |2 
C |0 |1 |1 |1 |2 |2 |2 |2 |2 |2 |2 |2 |3 |3 |3 |3 |3 |3 |3 |3 |3 |3 |3 |3 |3 |3 |3 |3 |3 
A |0 |1 |2 |2 |2 |3 |3 |3 |3 |3 |3 |3 |3 |4 |4 |4 |4 |4 |4 |4 |4 |4 |4 |4 |4 |4 |4 |4 |4 
T |0 |1 |2 |2 |2 |3 |3 |3 |3 |3 |3 |3 |3 |4 |4 |4 |4 |4 |4 |4 |4 |4 |4 |4 |4 |4 |4 |4 |4 
T |0 |1 |2 |2 |2 |3 |3 |3 |3 |3 |3 |3 |3 |4 |4 |4 |4 |4 |4 |4 |4 |4 |4 |4 |4 |4 |4 |4 |4 
G |0 |1 |2 |2 |2 |3 |3 |3 |4 |4 |4 |4 |4 |4 |4 |4 |5 |5 |5 |5 |5 |5 |5 |5 |5 |5 |5 |5 |5 
C |0 |1 |2 |2 |3 |3 |3 |3 |4 |4 |4 |4 |5 |5 |5 |5 |5 |5 |5 |5 |6 |6 |6 |6 |6 |6 |6 |6 |6 
A |0 |1 |2 |3 |3 |4 |4 |4 |4 |4 |4 |5 |5 |6 |6 |6 |6 |6 |6 |6 |6 |7 |7 |7 |7 |7 |7 |7 |7 
T |0 |1 |2 |3 |3 |4 |4 |4 |4 |4 |4 |5 |5 |6 |6 |6 |6 |6 |6 |6 |6 |7 |7 |7 |7 |7 |7 |7 |7 
G |0 |1 |2 |3 |3 |4 |4 |4 |5 |5 |5 |5 |5 |6 |6 |6 |7 |7 |7 |7 |7 |7 |7 |7 |7 |7 |8 |8 |8 
G |0 |1 |2 |3 |3 |4 |4 |4 |5 |6 |6 |6 |6 |6 |6 |6 |7 |8 |8 |8 |8 |8 |8 |8 |8 |8 |8 |9 |9 
C |0 |1 |2 |3 |4 |4 |4 |4 |5 |6 |6 |6 |7 |7 |7 |7 |7 |8 |8 |8 |9 |9 |9 |9 |9 |9 |9 |9 |9 
G |0 |1 |2 |3 |4 |4 |4 |4 |5 |6 |7 |7 |7 |7 |7 |7 |8 |8 |9 |9 |9 |9 |9 |9 |9 |9 |10|10|10
C |0 |1 |2 |3 |4 |4 |4 |4 |5 |6 |7 |7 |8 |8 |8 |8 |8 |8 |9 |9 |10|10|10|10|10|10|10|10|10
G |0 |1 |2 |3 |4 |4 |4 |4 |5 |6 |7 |7 |8 |8 |8 |8 |9 |9 |9 |9 |10|10|10|10|10|10|11|11|11
A |0 |1 |2 |3 |4 |5 |5 |5 |5 |6 |7 |8 |8 |9 |9 |9 |9 |9 |9 |10|10|11|11|11|11|11|11|11|11
T |0 |1 |2 |3 |4 |5 |5 |5 |5 |6 |7 |8 |8 |9 |9 |9 |9 |9 |9 |10|10|11|11|11|11|11|11|11|11
G |0 |1 |2 |3 |4 |5 |5 |5 |6 |6 |7 |8 |8 |9 |9 |9 |10|10|10|10|10|11|11|11|11|11|12|12|12
C |0 |1 |2 |3 |4 |5 |5 |5 |6 |6 |7 |8 |9 |9 |10|10|10|10|10|10|11|11|12|12|12|12|12|12|12
A |0 |1 |2 |3 |4 |5 |6 |6 |6 |6 |7 |8 |9 |10|10|11|11|11|11|11|11|12|12|12|13|13|13|13|13
T |0 |1 |2 |3 |4 |5 |6 |6 |6 |6 |7 |8 |9 |10|10|11|11|11|11|11|11|12|12|12|13|13|13|13|13
T |0 |1 |2 |3 |4 |5 |6 |6 |6 |6 |7 |8 |9 |10|10|11|11|11|11|11|11|12|12|12|13|13|13|13|13
T |0 |1 |2 |3 |4 |5 |6 |6 |6 |6 |7 |8 |9 |10|10|11|11|11|11|11|11|12|12|12|13|13|13|13|13
G |0 |1 |2 |3 |4 |5 |6 |6 |7 |7 |7 |8 |9 |10|10|11|12|12|12|12|12|12|12|12|13|13|14|14|14
G |0 |1 |2 |3 |4 |5 |6 |6 |7 |8 |8 |8 |9 |10|10|11|12|13|13|13|13|13|13|13|13|13|14|15|15
T |0 |1 |2 |3 |4 |5 |6 |6 |7 |8 |8 |8 |9 |10|10|11|12|13|13|13|13|13|13|13|13|13|14|15|15
T |0 |1 |2 |3 |4 |5 |6 |6 |7 |8 |8 |8 |9 |10|10|11|12|13|13|13|13|13|13|13|13|13|14|15|15
A |0 |1 |2 |3 |4 |5 |6 |7 |7 |8 |8 |9 |9 |10|10|11|12|13|13|14|14|14|14|14|14|14|14|15|15
A |0 |1 |2 |3 |4 |5 |6 |7 |7 |8 |8 |9 |9 |10|10|11|12|13|13|14|14|15|15|15|15|15|15|15|15
T |0 |1 |2 |3 |4 |5 |6 |7 |7 |8 |8 |9 |9 |10|10|11|12|13|13|14|14|15|15|15|15|15|15|15|15
T |0 |1 |2 |3 |4 |5 |6 |7 |7 |8 |8 |9 |9 |10|10|11|12|13|13|14|14|15|15|15|15|15|15|15|15
C |0 |1 |2 |3 |4 |5 |6 |7 |7 |8 |8 |9 |10|10|11|11|12|13|13|14|15|15|16|16|16|16|16|16|16
C |0 |1 |2 |3 |4 |5 |6 |7 |7 |8 |8 |9 |10|10|11|11|12|13|13|14|15|15|16|17|17|17|17|17|17
T |0 |1 |2 |3 |4 |5 |6 |7 |7 |8 |8 |9 |10|10|11|11|12|13|13|14|15|15|16|17|17|17|17|17|17
C |0 |1 |2 |3 |4 |5 |6 |7 |7 |8 |8 |9 |10|10|11|11|12|13|13|14|15|15|16|17|17|17|17|17|17
G |0 |1 |2 |3 |4 |5 |6 |7 |8 |8 |9 |9 |10|10|11|11|12|13|14|14|15|15|16|17|17|17|18|18|18

---------------------------------
-----SUBSEQUENCE BUILD STEPS-----
---------------------------------
i: 39	j: 28	|  value: G
i: 38	j: 27	|  value: -
i: 37	j: 26	|  value: -
i: 36	j: 25	|  value: -
i: 36	j: 24	|  value: -
i: 36	j: 23	|  value: C
i: 35	j: 22	|  value: C
i: 34	j: 21	|  value: -
i: 33	j: 21	|  value: -
i: 32	j: 21	|  value: A
i: 31	j: 20	|  value: -
i: 31	j: 19	|  value: A
i: 30	j: 18	|  value: -
i: 29	j: 17	|  value: -
i: 28	j: 17	|  value: G
i: 27	j: 16	|  value: G
i: 26	j: 15	|  value: -
i: 25	j: 15	|  value: -
i: 24	j: 15	|  value: -
i: 23	j: 15	|  value: A
i: 22	j: 14	|  value: C
i: 21	j: 13	|  value: -
i: 20	j: 13	|  value: -
i: 19	j: 13	|  value: A
i: 18	j: 12	|  value: -
i: 17	j: 12	|  value: C
i: 16	j: 11	|  value: -
i: 16	j: 10	|  value: G
i: 15	j: 9	|  value: -
i: 14	j: 9	|  value: G
i: 13	j: 8	|  value: G
i: 12	j: 7	|  value: -
i: 11	j: 6	|  value: A
i: 10	j: 5	|  value: -
i: 9	j: 5	|  value: -
i: 8	j: 5	|  value: -
i: 7	j: 5	|  value: -
i: 6	j: 5	|  value: A
i: 5	j: 4	|  value: C
i: 4	j: 3	|  value: -
i: 3	j: 2	|  value: -
i: 2	j: 1	|  value: -
i: 1	j: 1	|  value: A


SEQ3: ATTGCATTGCATGGCGCGATGCATTTGGTTAATTCCTCG
SEQ9: AAACAAAGGGACACAGGGACACCAAGGG
LONGEST COMMON SUBSEQUENCE: ACAAGGGCACAGGAACCG
LCS Size: 18
