==============================================
========= LONGEST COMMON SUBSEQUENCE =========
==============================================

SEQ3: ATTGCATTGCATGGCGCGATGCATTTGGTTAATTCCTCG
SEQ7: TATCCCAGGCAAAGACCGCCAATGGCAGGCAATC

---------------------------
-----CALCULATED MATRIX-----
---------------------------
      T  A  T  C  C  C  A  G  G  C  A  A  A  G  A  C  C  G  C  C  A  A  T  G  G  C  A  G  G  C  A  A  T  C  
  |0 |0 |0 |0 |0 |0 |0 |0 |0 |0 |0 |0 |0 |0 |0 |0 |0 |0 |0 |0 |0 |0 |0 |0 |0 |0 |0 |0 |0 |0 |0 |0 |0 |0 |0 
A |0 |0 |1 |1 |1 |1 |1 |1 |1 |1 |1 |1 |1 |1 |1 |1 |1 |1 |1 |1 |1 |1 |1 |1 |1 |1 |1 |1 |1 |1 |1 |1 |1 |1 |1 
T |0 |1 |1 |2 |2 |2 |2 |2 |2 |2 |2 |2 |2 |2 |2 |2 |2 |2 |2 |2 |2 |2 |2 |2 |2 |2 |2 |2 |2 |2 |2 |2 |2 |2 |2 
T |0 |1 |1 |2 |2 |2 |2 |2 |2 |2 |2 |2 |2 |2 |2 |2 |2 |2 |2 |2 |2 |2 |2 |3 |3 |3 |3 |3 |3 |3 |3 |3 |3 |3 |3 
G |0 |1 |1 |2 |2 |2 |2 |2 |3 |3 |3 |3 |3 |3 |3 |3 |3 |3 |3 |3 |3 |3 |3 |3 |4 |4 |4 |4 |4 |4 |4 |4 |4 |4 |4 
C |0 |1 |1 |2 |3 |3 |3 |3 |3 |3 |4 |4 |4 |4 |4 |4 |4 |4 |4 |4 |4 |4 |4 |4 |4 |4 |5 |5 |5 |5 |5 |5 |5 |5 |5 
A |0 |1 |2 |2 |3 |3 |3 |4 |4 |4 |4 |5 |5 |5 |5 |5 |5 |5 |5 |5 |5 |5 |5 |5 |5 |5 |5 |6 |6 |6 |6 |6 |6 |6 |6 
T |0 |1 |2 |3 |3 |3 |3 |4 |4 |4 |4 |5 |5 |5 |5 |5 |5 |5 |5 |5 |5 |5 |5 |6 |6 |6 |6 |6 |6 |6 |6 |6 |6 |7 |7 
T |0 |1 |2 |3 |3 |3 |3 |4 |4 |4 |4 |5 |5 |5 |5 |5 |5 |5 |5 |5 |5 |5 |5 |6 |6 |6 |6 |6 |6 |6 |6 |6 |6 |7 |7 
G |0 |1 |2 |3 |3 |3 |3 |4 |5 |5 |5 |5 |5 |5 |6 |6 |6 |6 |6 |6 |6 |6 |6 |6 |7 |7 |7 |7 |7 |7 |7 |7 |7 |7 |7 
C |0 |1 |2 |3 |4 |4 |4 |4 |5 |5 |6 |6 |6 |6 |6 |6 |7 |7 |7 |7 |7 |7 |7 |7 |7 |7 |8 |8 |8 |8 |8 |8 |8 |8 |8 
A |0 |1 |2 |3 |4 |4 |4 |5 |5 |5 |6 |7 |7 |7 |7 |7 |7 |7 |7 |7 |7 |8 |8 |8 |8 |8 |8 |9 |9 |9 |9 |9 |9 |9 |9 
T |0 |1 |2 |3 |4 |4 |4 |5 |5 |5 |6 |7 |7 |7 |7 |7 |7 |7 |7 |7 |7 |8 |8 |9 |9 |9 |9 |9 |9 |9 |9 |9 |9 |10|10
G |0 |1 |2 |3 |4 |4 |4 |5 |6 |6 |6 |7 |7 |7 |8 |8 |8 |8 |8 |8 |8 |8 |8 |9 |10|10|10|10|10|10|10|10|10|10|10
G |0 |1 |2 |3 |4 |4 |4 |5 |6 |7 |7 |7 |7 |7 |8 |8 |8 |8 |9 |9 |9 |9 |9 |9 |10|11|11|11|11|11|11|11|11|11|11
C |0 |1 |2 |3 |4 |5 |5 |5 |6 |7 |8 |8 |8 |8 |8 |8 |9 |9 |9 |10|10|10|10|10|10|11|12|12|12|12|12|12|12|12|12
G |0 |1 |2 |3 |4 |5 |5 |5 |6 |7 |8 |8 |8 |8 |9 |9 |9 |9 |10|10|10|10|10|10|11|11|12|12|13|13|13|13|13|13|13
C |0 |1 |2 |3 |4 |5 |6 |6 |6 |7 |8 |8 |8 |8 |9 |9 |10|10|10|11|11|11|11|11|11|11|12|12|13|13|14|14|14|14|14
G |0 |1 |2 |3 |4 |5 |6 |6 |7 |7 |8 |8 |8 |8 |9 |9 |10|10|11|11|11|11|11|11|12|12|12|12|13|14|14|14|14|14|14
A |0 |1 |2 |3 |4 |5 |6 |7 |7 |7 |8 |9 |9 |9 |9 |10|10|10|11|11|11|12|12|12|12|12|12|13|13|14|14|15|15|15|15
T |0 |1 |2 |3 |4 |5 |6 |7 |7 |7 |8 |9 |9 |9 |9 |10|10|10|11|11|11|12|12|13|13|13|13|13|13|14|14|15|15|16|16
G |0 |1 |2 |3 |4 |5 |6 |7 |8 |8 |8 |9 |9 |9 |10|10|10|10|11|11|11|12|12|13|14|14|14|14|14|14|14|15|15|16|16
C |0 |1 |2 |3 |4 |5 |6 |7 |8 |8 |9 |9 |9 |9 |10|10|11|11|11|12|12|12|12|13|14|14|15|15|15|15|15|15|15|16|17
A |0 |1 |2 |3 |4 |5 |6 |7 |8 |8 |9 |10|10|10|10|11|11|11|11|12|12|13|13|13|14|14|15|16|16|16|16|16|16|16|17
T |0 |1 |2 |3 |4 |5 |6 |7 |8 |8 |9 |10|10|10|10|11|11|11|11|12|12|13|13|14|14|14|15|16|16|16|16|16|16|17|17
T |0 |1 |2 |3 |4 |5 |6 |7 |8 |8 |9 |10|10|10|10|11|11|11|11|12|12|13|13|14|14|14|15|16|16|16|16|16|16|17|17
T |0 |1 |2 |3 |4 |5 |6 |7 |8 |8 |9 |10|10|10|10|11|11|11|11|12|12|13|13|14|14|14|15|16|16|16|16|16|16|17|17
G |0 |1 |2 |3 |4 |5 |6 |7 |8 |9 |9 |10|10|10|11|11|11|11|12|12|12|13|13|14|15|15|15|16|17|17|17|17|17|17|17
G |0 |1 |2 |3 |4 |5 |6 |7 |8 |9 |9 |10|10|10|11|11|11|11|12|12|12|13|13|14|15|16|16|16|17|18|18|18|18|18|18
T |0 |1 |2 |3 |4 |5 |6 |7 |8 |9 |9 |10|10|10|11|11|11|11|12|12|12|13|13|14|15|16|16|16|17|18|18|18|18|19|19
T |0 |1 |2 |3 |4 |5 |6 |7 |8 |9 |9 |10|10|10|11|11|11|11|12|12|12|13|13|14|15|16|16|16|17|18|18|18|18|19|19
A |0 |1 |2 |3 |4 |5 |6 |7 |8 |9 |9 |10|11|11|11|12|12|12|12|12|12|13|14|14|15|16|16|17|17|18|18|19|19|19|19
A |0 |1 |2 |3 |4 |5 |6 |7 |8 |9 |9 |10|11|12|12|12|12|12|12|12|12|13|14|14|15|16|16|17|17|18|18|19|20|20|20
T |0 |1 |2 |3 |4 |5 |6 |7 |8 |9 |9 |10|11|12|12|12|12|12|12|12|12|13|14|15|15|16|16|17|17|18|18|19|20|21|21
T |0 |1 |2 |3 |4 |5 |6 |7 |8 |9 |9 |10|11|12|12|12|12|12|12|12|12|13|14|15|15|16|16|17|17|18|18|19|20|21|21
C |0 |1 |2 |3 |4 |5 |6 |7 |8 |9 |10|10|11|12|12|12|13|13|13|13|13|13|14|15|15|16|17|17|17|18|19|19|20|21|22
C |0 |1 |2 |3 |4 |5 |6 |7 |8 |9 |10|10|11|12|12|12|13|14|14|14|14|14|14|15|15|16|17|17|17|18|19|19|20|21|22
T |0 |1 |2 |3 |4 |5 |6 |7 |8 |9 |10|10|11|12|12|12|13|14|14|14|14|14|14|15|15|16|17|17|17|18|19|19|20|21|22
C |0 |1 |2 |3 |4 |5 |6 |7 |8 |9 |10|10|11|12|12|12|13|14|14|15|15|15|15|15|15|16|17|17|17|18|19|19|20|21|22
G |0 |1 |2 |3 |4 |5 |6 |7 |8 |9 |10|10|11|12|13|13|13|14|15|15|15|15|15|15|16|16|17|17|18|18|19|19|20|21|22

---------------------------------
-----SUBSEQUENCE BUILD STEPS-----
---------------------------------
i: 39	j: 34	|  value: -
i: 38	j: 34	|  value: C
i: 37	j: 33	|  value: T
i: 36	j: 32	|  value: -
i: 35	j: 32	|  value: -
i: 34	j: 32	|  value: -
i: 33	j: 32	|  value: -
i: 32	j: 32	|  value: A
i: 31	j: 31	|  value: A
i: 30	j: 30	|  value: -
i: 29	j: 29	|  value: -
i: 28	j: 29	|  value: G
i: 27	j: 28	|  value: G
i: 26	j: 27	|  value: -
i: 25	j: 27	|  value: -
i: 24	j: 27	|  value: -
i: 23	j: 27	|  value: A
i: 22	j: 26	|  value: C
i: 21	j: 25	|  value: G
i: 20	j: 24	|  value: -
i: 20	j: 23	|  value: T
i: 19	j: 22	|  value: A
i: 18	j: 21	|  value: -
i: 17	j: 20	|  value: C
i: 16	j: 19	|  value: -
i: 15	j: 19	|  value: C
i: 14	j: 18	|  value: G
i: 13	j: 17	|  value: -
i: 13	j: 16	|  value: -
i: 13	j: 15	|  value: -
i: 13	j: 14	|  value: G
i: 12	j: 13	|  value: -
i: 11	j: 12	|  value: A
i: 10	j: 11	|  value: -
i: 10	j: 10	|  value: C
i: 9	j: 9	|  value: G
i: 8	j: 8	|  value: -
i: 7	j: 7	|  value: -
i: 6	j: 7	|  value: A
i: 5	j: 6	|  value: C
i: 4	j: 5	|  value: -
i: 3	j: 4	|  value: -
i: 2	j: 3	|  value: T
i: 1	j: 2	|  value: A


SEQ3: ATTGCATTGCATGGCGCGATGCATTTGGTTAATTCCTCG
SEQ7: TATCCCAGGCAAAGACCGCCAATGGCAGGCAATC
LONGEST COMMON SUBSEQUENCE: ATCAGCAGGCCATGCAGGAATC
LCS Size: 21
