==============================================
========= LONGEST COMMON SUBSEQUENCE =========
==============================================

SEQ3: ATTGCATTGCATGGCGCGATGCATTTGGTTAATTCCTCG
SEQ21: CATCTGCCCCT

---------------------------
-----CALCULATED MATRIX-----
---------------------------
      C  A  T  C  T  G  C  C  C  C  T  
  |0 |0 |0 |0 |0 |0 |0 |0 |0 |0 |0 |0 
A |0 |0 |1 |1 |1 |1 |1 |1 |1 |1 |1 |1 
T |0 |0 |1 |2 |2 |2 |2 |2 |2 |2 |2 |2 
T |0 |0 |1 |2 |2 |3 |3 |3 |3 |3 |3 |3 
G |0 |0 |1 |2 |2 |3 |4 |4 |4 |4 |4 |4 
C |0 |1 |1 |2 |3 |3 |4 |5 |5 |5 |5 |5 
A |0 |1 |2 |2 |3 |3 |4 |5 |5 |5 |5 |5 
T |0 |1 |2 |3 |3 |4 |4 |5 |5 |5 |5 |6 
T |0 |1 |2 |3 |3 |4 |4 |5 |5 |5 |5 |6 
G |0 |1 |2 |3 |3 |4 |5 |5 |5 |5 |5 |6 
C |0 |1 |2 |3 |4 |4 |5 |6 |6 |6 |6 |6 
A |0 |1 |2 |3 |4 |4 |5 |6 |6 |6 |6 |6 
T |0 |1 |2 |3 |4 |5 |5 |6 |6 |6 |6 |7 
G |0 |1 |2 |3 |4 |5 |6 |6 |6 |6 |6 |7 
G |0 |1 |2 |3 |4 |5 |6 |6 |6 |6 |6 |7 
C |0 |1 |2 |3 |4 |5 |6 |7 |7 |7 |7 |7 
G |0 |1 |2 |3 |4 |5 |6 |7 |7 |7 |7 |7 
C |0 |1 |2 |3 |4 |5 |6 |7 |8 |8 |8 |8 
G |0 |1 |2 |3 |4 |5 |6 |7 |8 |8 |8 |8 
A |0 |1 |2 |3 |4 |5 |6 |7 |8 |8 |8 |8 
T |0 |1 |2 |3 |4 |5 |6 |7 |8 |8 |8 |9 
G |0 |1 |2 |3 |4 |5 |6 |7 |8 |8 |8 |9 
C |0 |1 |2 |3 |4 |5 |6 |7 |8 |9 |9 |9 
A |0 |1 |2 |3 |4 |5 |6 |7 |8 |9 |9 |9 
T |0 |1 |2 |3 |4 |5 |6 |7 |8 |9 |9 |10
T |0 |1 |2 |3 |4 |5 |6 |7 |8 |9 |9 |10
T |0 |1 |2 |3 |4 |5 |6 |7 |8 |9 |9 |10
G |0 |1 |2 |3 |4 |5 |6 |7 |8 |9 |9 |10
G |0 |1 |2 |3 |4 |5 |6 |7 |8 |9 |9 |10
T |0 |1 |2 |3 |4 |5 |6 |7 |8 |9 |9 |10
T |0 |1 |2 |3 |4 |5 |6 |7 |8 |9 |9 |10
A |0 |1 |2 |3 |4 |5 |6 |7 |8 |9 |9 |10
A |0 |1 |2 |3 |4 |5 |6 |7 |8 |9 |9 |10
T |0 |1 |2 |3 |4 |5 |6 |7 |8 |9 |9 |10
T |0 |1 |2 |3 |4 |5 |6 |7 |8 |9 |9 |10
C |0 |1 |2 |3 |4 |5 |6 |7 |8 |9 |10|10
C |0 |1 |2 |3 |4 |5 |6 |7 |8 |9 |10|10
T |0 |1 |2 |3 |4 |5 |6 |7 |8 |9 |10|11
C |0 |1 |2 |3 |4 |5 |6 |7 |8 |9 |10|11
G |0 |1 |2 |3 |4 |5 |6 |7 |8 |9 |10|11

---------------------------------
-----SUBSEQUENCE BUILD STEPS-----
---------------------------------
i: 39	j: 11	|  value: -
i: 38	j: 11	|  value: -
i: 37	j: 11	|  value: T
i: 36	j: 10	|  value: C
i: 35	j: 9	|  value: C
i: 34	j: 8	|  value: -
i: 33	j: 8	|  value: -
i: 32	j: 8	|  value: -
i: 31	j: 8	|  value: -
i: 30	j: 8	|  value: -
i: 29	j: 8	|  value: -
i: 28	j: 8	|  value: -
i: 27	j: 8	|  value: -
i: 26	j: 8	|  value: -
i: 25	j: 8	|  value: -
i: 24	j: 8	|  value: -
i: 23	j: 8	|  value: -
i: 22	j: 8	|  value: C
i: 21	j: 7	|  value: -
i: 20	j: 7	|  value: -
i: 19	j: 7	|  value: -
i: 18	j: 7	|  value: -
i: 17	j: 7	|  value: C
i: 16	j: 6	|  value: G
i: 15	j: 5	|  value: -
i: 14	j: 5	|  value: -
i: 13	j: 5	|  value: -
i: 12	j: 5	|  value: T
i: 11	j: 4	|  value: -
i: 10	j: 4	|  value: C
i: 9	j: 3	|  value: -
i: 8	j: 3	|  value: T
i: 7	j: 2	|  value: -
i: 6	j: 2	|  value: A
i: 5	j: 1	|  value: C


SEQ3: ATTGCATTGCATGGCGCGATGCATTTGGTTAATTCCTCG
SEQ21: CATCTGCCCCT
LONGEST COMMON SUBSEQUENCE: CATCTGCCCCT
LCS Size: 10
