==============================================
========= LONGEST COMMON SUBSEQUENCE =========
==============================================

SEQ7: TATCCCAGGCAAAGACCGCCAATGGCAGGCAATC
SEQ18: AAACTGGACATTCAGG

---------------------------
-----CALCULATED MATRIX-----
---------------------------
      A  A  A  C  T  G  G  A  C  A  T  T  C  A  G  G  
  |0 |0 |0 |0 |0 |0 |0 |0 |0 |0 |0 |0 |0 |0 |0 |0 |0 
T |0 |0 |0 |0 |0 |1 |1 |1 |1 |1 |1 |1 |1 |1 |1 |1 |1 
A |0 |1 |1 |1 |1 |1 |1 |1 |2 |2 |2 |2 |2 |2 |2 |2 |2 
T |0 |1 |1 |1 |1 |2 |2 |2 |2 |2 |2 |3 |3 |3 |3 |3 |3 
C |0 |1 |1 |1 |2 |2 |2 |2 |2 |3 |3 |3 |3 |4 |4 |4 |4 
C |0 |1 |1 |1 |2 |2 |2 |2 |2 |3 |3 |3 |3 |4 |4 |4 |4 
C |0 |1 |1 |1 |2 |2 |2 |2 |2 |3 |3 |3 |3 |4 |4 |4 |4 
A |0 |1 |2 |2 |2 |2 |2 |2 |3 |3 |4 |4 |4 |4 |5 |5 |5 
G |0 |1 |2 |2 |2 |2 |3 |3 |3 |3 |4 |4 |4 |4 |5 |6 |6 
G |0 |1 |2 |2 |2 |2 |3 |4 |4 |4 |4 |4 |4 |4 |5 |6 |7 
C |0 |1 |2 |2 |3 |3 |3 |4 |4 |5 |5 |5 |5 |5 |5 |6 |7 
A |0 |1 |2 |3 |3 |3 |3 |4 |5 |5 |6 |6 |6 |6 |6 |6 |7 
A |0 |1 |2 |3 |3 |3 |3 |4 |5 |5 |6 |6 |6 |6 |7 |7 |7 
A |0 |1 |2 |3 |3 |3 |3 |4 |5 |5 |6 |6 |6 |6 |7 |7 |7 
G |0 |1 |2 |3 |3 |3 |4 |4 |5 |5 |6 |6 |6 |6 |7 |8 |8 
A |0 |1 |2 |3 |3 |3 |4 |4 |5 |5 |6 |6 |6 |6 |7 |8 |8 
C |0 |1 |2 |3 |4 |4 |4 |4 |5 |6 |6 |6 |6 |7 |7 |8 |8 
C |0 |1 |2 |3 |4 |4 |4 |4 |5 |6 |6 |6 |6 |7 |7 |8 |8 
G |0 |1 |2 |3 |4 |4 |5 |5 |5 |6 |6 |6 |6 |7 |7 |8 |9 
C |0 |1 |2 |3 |4 |4 |5 |5 |5 |6 |6 |6 |6 |7 |7 |8 |9 
C |0 |1 |2 |3 |4 |4 |5 |5 |5 |6 |6 |6 |6 |7 |7 |8 |9 
A |0 |1 |2 |3 |4 |4 |5 |5 |6 |6 |7 |7 |7 |7 |8 |8 |9 
A |0 |1 |2 |3 |4 |4 |5 |5 |6 |6 |7 |7 |7 |7 |8 |8 |9 
T |0 |1 |2 |3 |4 |5 |5 |5 |6 |6 |7 |8 |8 |8 |8 |8 |9 
G |0 |1 |2 |3 |4 |5 |6 |6 |6 |6 |7 |8 |8 |8 |8 |9 |9 
G |0 |1 |2 |3 |4 |5 |6 |7 |7 |7 |7 |8 |8 |8 |8 |9 |10
C |0 |1 |2 |3 |4 |5 |6 |7 |7 |8 |8 |8 |8 |9 |9 |9 |10
A |0 |1 |2 |3 |4 |5 |6 |7 |8 |8 |9 |9 |9 |9 |10|10|10
G |0 |1 |2 |3 |4 |5 |6 |7 |8 |8 |9 |9 |9 |9 |10|11|11
G |0 |1 |2 |3 |4 |5 |6 |7 |8 |8 |9 |9 |9 |9 |10|11|12
C |0 |1 |2 |3 |4 |5 |6 |7 |8 |9 |9 |9 |9 |10|10|11|12
A |0 |1 |2 |3 |4 |5 |6 |7 |8 |9 |10|10|10|10|11|11|12
A |0 |1 |2 |3 |4 |5 |6 |7 |8 |9 |10|10|10|10|11|11|12
T |0 |1 |2 |3 |4 |5 |6 |7 |8 |9 |10|11|11|11|11|11|12
C |0 |1 |2 |3 |4 |5 |6 |7 |8 |9 |10|11|11|12|12|12|12

---------------------------------
-----SUBSEQUENCE BUILD STEPS-----
---------------------------------
i: 34	j: 16	|  value: -
i: 33	j: 16	|  value: -
i: 32	j: 16	|  value: -
i: 31	j: 16	|  value: -
i: 30	j: 16	|  value: -
i: 29	j: 16	|  value: G
i: 28	j: 15	|  value: G
i: 27	j: 14	|  value: A
i: 26	j: 13	|  value: C
i: 25	j: 12	|  value: -
i: 24	j: 11	|  value: -
i: 23	j: 11	|  value: T
i: 22	j: 10	|  value: A
i: 21	j: 9	|  value: -
i: 20	j: 9	|  value: C
i: 19	j: 8	|  value: -
i: 18	j: 7	|  value: G
i: 17	j: 6	|  value: -
i: 16	j: 5	|  value: -
i: 16	j: 4	|  value: C
i: 15	j: 3	|  value: A
i: 14	j: 2	|  value: -
i: 13	j: 2	|  value: A
i: 12	j: 1	|  value: A


SEQ7: TATCCCAGGCAAAGACCGCCAATGGCAGGCAATC
SEQ18: AAACTGGACATTCAGG
LONGEST COMMON SUBSEQUENCE: AAACGCATCAGG
LCS Size: 12
