==============================================
========= LONGEST COMMON SUBSEQUENCE =========
==============================================

SEQ8: TAAAAGAGCCCGTCCATTGTCACCTGTTAATAGGAA
SEQ23: AGTGAAAAAA

---------------------------
-----CALCULATED MATRIX-----
---------------------------
      A  G  T  G  A  A  A  A  A  A  
  |0 |0 |0 |0 |0 |0 |0 |0 |0 |0 |0 
T |0 |0 |0 |1 |1 |1 |1 |1 |1 |1 |1 
A |0 |1 |1 |1 |1 |2 |2 |2 |2 |2 |2 
A |0 |1 |1 |1 |1 |2 |3 |3 |3 |3 |3 
A |0 |1 |1 |1 |1 |2 |3 |4 |4 |4 |4 
A |0 |1 |1 |1 |1 |2 |3 |4 |5 |5 |5 
G |0 |1 |2 |2 |2 |2 |3 |4 |5 |5 |5 
A |0 |1 |2 |2 |2 |3 |3 |4 |5 |6 |6 
G |0 |1 |2 |2 |3 |3 |3 |4 |5 |6 |6 
C |0 |1 |2 |2 |3 |3 |3 |4 |5 |6 |6 
C |0 |1 |2 |2 |3 |3 |3 |4 |5 |6 |6 
C |0 |1 |2 |2 |3 |3 |3 |4 |5 |6 |6 
G |0 |1 |2 |2 |3 |3 |3 |4 |5 |6 |6 
T |0 |1 |2 |3 |3 |3 |3 |4 |5 |6 |6 
C |0 |1 |2 |3 |3 |3 |3 |4 |5 |6 |6 
C |0 |1 |2 |3 |3 |3 |3 |4 |5 |6 |6 
A |0 |1 |2 |3 |3 |4 |4 |4 |5 |6 |7 
T |0 |1 |2 |3 |3 |4 |4 |4 |5 |6 |7 
T |0 |1 |2 |3 |3 |4 |4 |4 |5 |6 |7 
G |0 |1 |2 |3 |4 |4 |4 |4 |5 |6 |7 
T |0 |1 |2 |3 |4 |4 |4 |4 |5 |6 |7 
C |0 |1 |2 |3 |4 |4 |4 |4 |5 |6 |7 
A |0 |1 |2 |3 |4 |5 |5 |5 |5 |6 |7 
C |0 |1 |2 |3 |4 |5 |5 |5 |5 |6 |7 
C |0 |1 |2 |3 |4 |5 |5 |5 |5 |6 |7 
T |0 |1 |2 |3 |4 |5 |5 |5 |5 |6 |7 
G |0 |1 |2 |3 |4 |5 |5 |5 |5 |6 |7 
T |0 |1 |2 |3 |4 |5 |5 |5 |5 |6 |7 
T |0 |1 |2 |3 |4 |5 |5 |5 |5 |6 |7 
A |0 |1 |2 |3 |4 |5 |6 |6 |6 |6 |7 
A |0 |1 |2 |3 |4 |5 |6 |7 |7 |7 |7 
T |0 |1 |2 |3 |4 |5 |6 |7 |7 |7 |7 
A |0 |1 |2 |3 |4 |5 |6 |7 |8 |8 |8 
G |0 |1 |2 |3 |4 |5 |6 |7 |8 |8 |8 
G |0 |1 |2 |3 |4 |5 |6 |7 |8 |8 |8 
A |0 |1 |2 |3 |4 |5 |6 |7 |8 |9 |9 
A |0 |1 |2 |3 |4 |5 |6 |7 |8 |9 |10

---------------------------------
-----SUBSEQUENCE BUILD STEPS-----
---------------------------------
i: 36	j: 10	|  value: A
i: 35	j: 9	|  value: A
i: 34	j: 8	|  value: -
i: 33	j: 8	|  value: -
i: 32	j: 8	|  value: A
i: 31	j: 7	|  value: -
i: 30	j: 7	|  value: A
i: 29	j: 6	|  value: A
i: 28	j: 5	|  value: -
i: 27	j: 5	|  value: -
i: 26	j: 5	|  value: -
i: 25	j: 5	|  value: -
i: 24	j: 5	|  value: -
i: 23	j: 5	|  value: -
i: 22	j: 5	|  value: A
i: 21	j: 4	|  value: -
i: 20	j: 4	|  value: -
i: 19	j: 4	|  value: G
i: 18	j: 3	|  value: T
i: 17	j: 2	|  value: -
i: 16	j: 2	|  value: -
i: 15	j: 2	|  value: -
i: 14	j: 2	|  value: -
i: 13	j: 2	|  value: -
i: 12	j: 2	|  value: G
i: 11	j: 1	|  value: -
i: 10	j: 1	|  value: -
i: 9	j: 1	|  value: -
i: 8	j: 1	|  value: -
i: 7	j: 1	|  value: A


SEQ8: TAAAAGAGCCCGTCCATTGTCACCTGTTAATAGGAA
SEQ23: AGTGAAAAAA
LONGEST COMMON SUBSEQUENCE: AGTGAAAAAA
LCS Size: 9
