==============================================
========= LONGEST COMMON SUBSEQUENCE =========
==============================================

SEQ9: AAACAAAGGGACACAGGGACACCAAGGG
SEQ21: CATCTGCCCCT

---------------------------
-----CALCULATED MATRIX-----
---------------------------
      C  A  T  C  T  G  C  C  C  C  T  
  |0 |0 |0 |0 |0 |0 |0 |0 |0 |0 |0 |0 
A |0 |0 |1 |1 |1 |1 |1 |1 |1 |1 |1 |1 
A |0 |0 |1 |1 |1 |1 |1 |1 |1 |1 |1 |1 
A |0 |0 |1 |1 |1 |1 |1 |1 |1 |1 |1 |1 
C |0 |1 |1 |1 |2 |2 |2 |2 |2 |2 |2 |2 
A |0 |1 |2 |2 |2 |2 |2 |2 |2 |2 |2 |2 
A |0 |1 |2 |2 |2 |2 |2 |2 |2 |2 |2 |2 
A |0 |1 |2 |2 |2 |2 |2 |2 |2 |2 |2 |2 
G |0 |1 |2 |2 |2 |2 |3 |3 |3 |3 |3 |3 
G |0 |1 |2 |2 |2 |2 |3 |3 |3 |3 |3 |3 
G |0 |1 |2 |2 |2 |2 |3 |3 |3 |3 |3 |3 
A |0 |1 |2 |2 |2 |2 |3 |3 |3 |3 |3 |3 
C |0 |1 |2 |2 |3 |3 |3 |4 |4 |4 |4 |4 
A |0 |1 |2 |2 |3 |3 |3 |4 |4 |4 |4 |4 
C |0 |1 |2 |2 |3 |3 |3 |4 |5 |5 |5 |5 
A |0 |1 |2 |2 |3 |3 |3 |4 |5 |5 |5 |5 
G |0 |1 |2 |2 |3 |3 |4 |4 |5 |5 |5 |5 
G |0 |1 |2 |2 |3 |3 |4 |4 |5 |5 |5 |5 
G |0 |1 |2 |2 |3 |3 |4 |4 |5 |5 |5 |5 
A |0 |1 |2 |2 |3 |3 |4 |4 |5 |5 |5 |5 
C |0 |1 |2 |2 |3 |3 |4 |5 |5 |6 |6 |6 
A |0 |1 |2 |2 |3 |3 |4 |5 |5 |6 |6 |6 
C |0 |1 |2 |2 |3 |3 |4 |5 |6 |6 |7 |7 
C |0 |1 |2 |2 |3 |3 |4 |5 |6 |7 |7 |7 
A |0 |1 |2 |2 |3 |3 |4 |5 |6 |7 |7 |7 
A |0 |1 |2 |2 |3 |3 |4 |5 |6 |7 |7 |7 
G |0 |1 |2 |2 |3 |3 |4 |5 |6 |7 |7 |7 
G |0 |1 |2 |2 |3 |3 |4 |5 |6 |7 |7 |7 
G |0 |1 |2 |2 |3 |3 |4 |5 |6 |7 |7 |7 

---------------------------------
-----SUBSEQUENCE BUILD STEPS-----
---------------------------------
i: 28	j: 11	|  value: -
i: 27	j: 10	|  value: -
i: 26	j: 9	|  value: -
i: 25	j: 9	|  value: -
i: 24	j: 9	|  value: -
i: 23	j: 9	|  value: C
i: 22	j: 8	|  value: C
i: 21	j: 7	|  value: -
i: 20	j: 7	|  value: C
i: 19	j: 6	|  value: -
i: 18	j: 6	|  value: G
i: 17	j: 5	|  value: -
i: 16	j: 4	|  value: -
i: 15	j: 4	|  value: -
i: 14	j: 4	|  value: C
i: 13	j: 3	|  value: -
i: 12	j: 2	|  value: -
i: 11	j: 2	|  value: A
i: 10	j: 1	|  value: -
i: 9	j: 1	|  value: -
i: 8	j: 1	|  value: -
i: 7	j: 1	|  value: -
i: 6	j: 1	|  value: -
i: 5	j: 1	|  value: -
i: 4	j: 1	|  value: C


SEQ9: AAACAAAGGGACACAGGGACACCAAGGG
SEQ21: CATCTGCCCCT
LONGEST COMMON SUBSEQUENCE: CACGCCC
LCS Size: 7
