==============================================
========= LONGEST COMMON SUBSEQUENCE =========
==============================================

SEQ9: AAACAAAGGGACACAGGGACACCAAGGG
SEQ19: TACTGCAAA

---------------------------
-----CALCULATED MATRIX-----
---------------------------
      T  A  C  T  G  C  A  A  A  
  |0 |0 |0 |0 |0 |0 |0 |0 |0 |0 
A |0 |0 |1 |1 |1 |1 |1 |1 |1 |1 
A |0 |0 |1 |1 |1 |1 |1 |2 |2 |2 
A |0 |0 |1 |1 |1 |1 |1 |2 |3 |3 
C |0 |0 |1 |2 |2 |2 |2 |2 |3 |3 
A |0 |0 |1 |2 |2 |2 |2 |3 |3 |4 
A |0 |0 |1 |2 |2 |2 |2 |3 |4 |4 
A |0 |0 |1 |2 |2 |2 |2 |3 |4 |5 
G |0 |0 |1 |2 |2 |3 |3 |3 |4 |5 
G |0 |0 |1 |2 |2 |3 |3 |3 |4 |5 
G |0 |0 |1 |2 |2 |3 |3 |3 |4 |5 
A |0 |0 |1 |2 |2 |3 |3 |4 |4 |5 
C |0 |0 |1 |2 |2 |3 |4 |4 |4 |5 
A |0 |0 |1 |2 |2 |3 |4 |5 |5 |5 
C |0 |0 |1 |2 |2 |3 |4 |5 |5 |5 
A |0 |0 |1 |2 |2 |3 |4 |5 |6 |6 
G |0 |0 |1 |2 |2 |3 |4 |5 |6 |6 
G |0 |0 |1 |2 |2 |3 |4 |5 |6 |6 
G |0 |0 |1 |2 |2 |3 |4 |5 |6 |6 
A |0 |0 |1 |2 |2 |3 |4 |5 |6 |7 
C |0 |0 |1 |2 |2 |3 |4 |5 |6 |7 
A |0 |0 |1 |2 |2 |3 |4 |5 |6 |7 
C |0 |0 |1 |2 |2 |3 |4 |5 |6 |7 
C |0 |0 |1 |2 |2 |3 |4 |5 |6 |7 
A |0 |0 |1 |2 |2 |3 |4 |5 |6 |7 
A |0 |0 |1 |2 |2 |3 |4 |5 |6 |7 
G |0 |0 |1 |2 |2 |3 |4 |5 |6 |7 
G |0 |0 |1 |2 |2 |3 |4 |5 |6 |7 
G |0 |0 |1 |2 |2 |3 |4 |5 |6 |7 

---------------------------------
-----SUBSEQUENCE BUILD STEPS-----
---------------------------------
i: 28	j: 9	|  value: -
i: 27	j: 9	|  value: -
i: 26	j: 9	|  value: -
i: 25	j: 9	|  value: A
i: 24	j: 8	|  value: A
i: 23	j: 7	|  value: -
i: 22	j: 7	|  value: -
i: 21	j: 7	|  value: A
i: 20	j: 6	|  value: C
i: 19	j: 5	|  value: -
i: 18	j: 5	|  value: G
i: 17	j: 4	|  value: -
i: 16	j: 3	|  value: -
i: 15	j: 3	|  value: -
i: 14	j: 3	|  value: C
i: 13	j: 2	|  value: A
i: 12	j: 1	|  value: -


SEQ9: AAACAAAGGGACACAGGGACACCAAGGG
SEQ19: TACTGCAAA
LONGEST COMMON SUBSEQUENCE: ACGCAAA
LCS Size: 6
